Sample Data:
============
26	0	0	374628	118619	21606	6928	30269	28081	16405	14888	1
26	0	0	176137	18691	3005	10456	38254	51363	25464	12827	1
26	0	0	1030968	471019	248793	75804	190089	131331	118649	90396	1
26	0	0	437836	206419	81596	66241	130278	194222	72733	98465	1
26	0	0	1224900	162097	33054	145220	171123	101959	174713	78871	1
26	0	0	980412	79363	14926	15504	18656	13714	9392	10390	1
26	0	0	1257601	178749	74610	12419	52126	296730	195776	98112	1
26	0	0	1369214	140916	24878	43532	155048	392331	111315	213338	1
26	0	0	758760	177630	297394	111774	139191	124488	163308	110407	1
51	0	0	98995	58106	37801	50832	46946	30378	23141	22600	1
26	0	0	1013616	96514	33489	12724	16436	37681	17685	8994	1
26	0	0	389652	367108	195093	110941	130360	237028	106001	90772	1
26	0	0	1159806	237789	231328	239210	52323	98833	98079	122503	1
26	0	0	927257	48144	36076	4761	21289	36380	23474	6717	1
51	0	0	281428	512911	178507	61512	105288	147311	95982	67669	1
26	0	0	477603	391930	43363	80971	100751	86862	180830	81147	1
51	0	0	202743	151193	20207	31661	26890	33517	16711	27379	1
26	0	0	413774	27698	8781	19637	15601	30272	41728	13900	1
26	0	0	1021897	1168597	518842	430024	480343	574813	366253	740502	1
26	0	0	1607624	612761	63806	321638	130889	171939	83298	45329	1
26	0	0	686438	95109	30646	27583	20949	57513	15029	13924	1
26	0	0	1302487	231194	73016	27864	82122	243701	57428	121079	1
26	0	0	843580	274161	96984	130988	64989	90304	221077	88968	1
26	0	0	803359	405234	432498	69642	117416	168427	137496	76865	1
26	0	0	433967	407180	87793	88583	99846	170822	122973	38461	1
26	0	0	878520	105947	16611	23475	13244	17276	17669	12612	1
26	0	0	260993	79115	26519	5756	5931	27217	52608	16475	1
26	0	0	1713650	324088	146932	37090	93345	50546	48911	43554	1
26	0	0	1029037	240829	207453	103314	69646	265274	87126	82216	1
26	0	0	854404	322776	33825	121575	137992	66960	40830	47111	1
26	0	0	321845	14275	28908	58502	41237	22601	29007	12797	0
26	0	0	1983971	474786	170005	51556	95373	86206	108075	55590	0
26	0	0	275014	803924	176275	485986	112862	87977	138241	36878	0
26	0	0	18141	127558	23224	61637	6330	35208	37731	20179	0
51	0	0	2470154	1102096	426968	204642	408814	828137	1442211	272032	0
26	0	0	1431520	36818	14311	17685	36490	39166	10881	20278	0
26	0	0	1661936	312895	451398	180175	394307	406731	1454046	253344	0
26	0	0	889286	268991	158121	47634	58989	199593	176823	105675	0
26	0	0	991008	127581	228565	380041	106549	222498	210337	84455	0
26	0	0	661959	328607	215493	309700	217135	135759	59591	89926	0
26	0	0	115560	8639	1813	3167	9144	4555	3867	4221	0
26	0	0	1802860	209186	70983	60457	63666	209532	420985	69392	0
26	0	0	651459	667824	176200	56034	256899	270481	99162	73016	0
26	0	0	1606247	200399	154817	80665	200748	110971	158100	90421	0
26	0	0	931603	160381	238409	91977	189350	112392	150204	73390	0
26	0	0	647505	117844	10048	9565	20386	19668	8414	11317	0
26	0	0	135617	121720	42899	47262	162575	322368	249541	214245	0
26	0	0	962636	227408	7338	80343	229658	194803	85638	235875	0
26	0	0	1633173	150213	89657	132877	228035	182926	113612	81001	0
26	0	0	268520	93426	42424	9442	26264	18660	28974	20713	0
26	0	0	32350	8322	1002	4578	3824	5096	5414	1440	0
26	0	0	1413999	526759	144806	98015	97172	120319	87675	73713	0
26	0	0	386035	390325	174229	161003	167587	143506	155490	41796	0
26	0	0	1305331	194232	134454	318745	114055	216187	199335	58806	0
51	0	0	1187396	446926	127521	29411	76946	218139	257644	35771	0
51	0	0	390231	332979	67644	98919	27464	157450	102429	36581	0
26	0	0	608175	792466	164310	104825	154121	79457	125451	29836	0
26	0	0	415327	127029	41395	11827	61630	135978	88645	43724	0
26	0	0	113120	26020	6750	27325	12947	46571	50310	13060	0
